00 000285
00 000675
00 000660
00 000287
00 000324
00 000408
00 000902
00 000134
00 000726
00 000659
00 000990
00 000449
00 000709
00 000231
00 000689
00 000067
00 000886
00 000738
00 000555
00 000641
00 000718
00 000343
00 000887
00 000171
00 000956
00 000353
00 000900
00 000612
00 000995
00 000297
00 000332
00 000876
00 000259
00 000097
00 000803
00 000586
00 000760
00 000518
00 000212
00 000626
00 000621
00 000698
00 000972
00 000202
00 000253
00 000719
00 000750
00 000789
00 000700
00 000254
00 000830
00 000725
00 000474
00 000123
00 000306
00 000654
00 000636
00 000271
00 000694
00 000903
00 000607
00 000465
00 000151
00 000083
00 000391
00 000839
00 000595
00 000175
00 000481
00 000924
00 000847
00 000091
00 000266
00 000131
00 000727
00 000478
00 000078
00 000179
00 000435
00 000842
00 000400
00 000145
00 000246
00 000138
00 000883
00 000029
00 000922
00 000670
00 000961
00 000213
00 000417
00 000468
00 000164
00 000053
00 000614
00 000856
00 000756
00 000931
00 000155
00 000137
00 000845
00 000677
00 000014
00 000365
00 000865
00 000010
00 000798
00 000557
00 000916
00 000715
00 000676
00 000244
00 000954
00 000200
00 000912
00 000558
00 000087
00 000724
00 000563
00 000308
00 000402
00 000443
00 000245
00 000522
00 000590
00 000775
00 000866
00 000890
00 000542
00 000331
00 000042
00 000363
00 000238
00 000504
00 000943
00 000804
00 000009
00 000748
00 000472
00 000305
00 000882
00 000403
00 000781
00 000251
00 000270
00 000520
00 000066
00 000540
00 000209
00 000920
00 000533
00 000662
00 000640
00 000732
00 000181
00 000948
00 000147
00 000265
00 000944
00 000109
00 000809
00 000674
00 000987
00 000218
00 000073
00 000752
00 000963
00 000390
00 000755
00 000189
00 000263
00 000679
00 000992
00 000292
00 000631
00 000062
00 000608
00 000255
00 000559
00 000740
00 000545
00 000351
00 000448
00 000819
00 000799
00 000749
00 000288
00 000878
00 000653
00 000081
00 000690
00 000567
00 000822
00 000377
00 000385
00 000126
00 000492
00 000103
00 000616
00 000688
00 000101
00 000038
00 000705
00 000197
00 000296
00 000049
00 000326
00 000849
00 000107
00 000624
00 000923
00 000704
00 000127
00 000875
00 000082
00 000638
00 000311
00 000033
00 000594
00 000615
00 000456
00 000930
00 000154
00 000129
00 000187
00 000637
00 000077
00 000261
00 000438
00 000433
00 000720
00 000188
00 000795
00 000609
00 000625
00 000011
00 000401
00 000207
00 000300
00 000459
00 000174
00 000074
00 000203
00 000024
00 000257
00 000582
00 000380
00 000430
00 000521
00 000183
00 000106
00 000946
00 000176
00 000490
00 000680
00 000817
00 000152
00 000907
00 000573
00 000639
00 000525
00 000361
00 000440
00 000135
00 000790
00 000610
00 000904
00 000172
00 000935
00 000419
00 000146
00 000601
00 000214
00 000672
00 000079
00 000745
00 000412
00 000002
00 000802
00 000230
00 000483
00 000644
00 000808
00 000242
00 000667
00 000862
00 000291
00 000356
00 000807
00 000015
00 000413
00 000284
00 000124
00 000929
00 000547
00 000307
00 000622
00 000599
00 000216
00 000362
00 000030
00 000827
00 000753
00 000337
00 000973
00 000937
00 000133
00 000702
00 000581
00 000829
00 000861
00 000606
00 000384
00 000148
00 000167
00 000225
00 000960
00 000713
00 000366
00 000741
00 000562
00 000711
00 000277
00 000717
00 000784
00 000838
00 000348
00 000411
00 000970
00 000455
00 000993
00 000693
00 000234
00 000388
00 000546
00 000945
00 000364
00 000221
00 000394
00 000108
00 000919
00 000684
00 000942
00 000393
00 000746
00 000303
00 000598
00 000896
00 000605
00 000210
00 000985
00 000273
00 000771
00 000826
00 000120
00 000338
00 000602
00 000003
00 000064
00 000479
00 000415
00 000119
00 000554
00 000843
00 000376
00 000454
00 000815
00 000796
00 000055
00 000731
00 000996
00 000962
00 000069
00 000416
00 000510
00 000955
00 000646
00 000206
00 000691
00 000243
00 000157
00 000320
00 000496
00 000959
00 000793
00 000538
00 000501
00 000536
00 000378
00 000334
00 000085
00 000269
00 000514
00 000757
00 000068
00 000665
00 000017
00 000409
00 000235
00 000240
00 000692
00 000420
00 000500
00 000354
00 000872
00 000088
00 000480
00 000837
00 000256
00 000484
00 000524
00 000150
00 000319
00 000630
00 000045
00 000076
00 000855
00 000773
00 000699
00 000427
00 000596
00 000098
00 000325
00 000549
00 000932
00 000485
00 000278
00 000655
00 000295
00 000517
00 000191
00 000666
00 000541
00 000469
00 000772
00 000298
00 000585
00 000519
00 000619
00 000215
00 000516
00 000199
00 000877
00 000739
00 000730
00 000162
00 000195
00 000340
00 000820
00 000182
00 000747
00 000851
00 000642
00 000879
00 000979
00 000470
00 000039
00 000576
00 000112
00 000387
00 000722
00 000805
00 000105
00 000110
00 000165
00 000834
00 000889
00 000186
00 000309
00 000969
00 000818
00 000075
00 000729
00 000005
00 000272
00 000193
00 000389
00 000007
00 000991
00 000142
00 000592
00 000668
00 000957
00 000682
00 000141
00 000211
00 000136
00 000850
00 000060
00 000664
00 000286
00 000173
00 000168
00 000683
00 000918
00 000801
00 000493
00 000104
00 000290
00 000977
00 000424
00 000787
00 000144
00 000070
00 000322
00 000786
00 000791
00 000736
00 000539
00 000267
00 000395
00 000671
00 000333
00 000445
00 000914
00 000236
00 000986
00 000556
00 000346
00 000475
00 000044
00 000262
00 000643
00 000766
00 000603
00 000895
00 000628
00 000008
00 000022
00 000100
00 000768
00 000733
00 000096
00 000497
00 000686
00 000777
00 000019
00 000650
00 000043
00 000274
00 000836
00 000486
00 000012
00 000035
00 000613
00 000891
00 000997
00 000859
00 000371
00 000706
00 000511
00 000566
00 000423
00 000339
00 000825
00 000723
00 000156
00 000289
00 000505
00 000317
00 000369
00 000349
00 000921
00 000571
00 000661
00 000857
00 000436
00 000260
00 000534
00 000974
00 000527
00 000632
00 000282
00 000139
00 000027
00 000025
00 000988
00 000941
00 000989
00 000410
00 000788
00 000372
00 000276
00 000776
00 000874
00 000056
00 000848
00 000463
00 000114
00 000584
00 000117
00 000444
00 000312
00 000758
00 000280
00 000084
00 000040
00 000405
00 000917
00 000335
00 000222
00 000140
00 000293
00 000754
00 000161
00 000350
00 000054
00 000143
00 000310
00 000885
00 000835
00 000657
00 000488
00 000491
00 000392
00 000569
00 000192
00 000328
00 000951
00 000367
00 000122
00 000196
00 000647
00 000177
00 000052
00 000342
00 000329
00 000477
00 000169
00 000473
00 000910
00 000503
00 000032
00 000457
00 000620
00 000710
00 000294
00 000983
00 000071
00 000512
00 000248
00 000871
00 000159
00 000551
00 000656
00 000898
00 000811
00 000461
00 000869
00 000880
00 000355
00 000531
00 000314
00 000229
00 000823
00 000239
00 000870
00 000404
00 000940
00 000227
00 000797
00 000258
00 000759
00 000386
00 000658
00 000980
00 000947
00 000422
00 000965
00 000841
00 000201
00 000431
00 000434
00 000004
00 000913
00 000588
00 000779
00 000901
00 000180
00 000627
00 000471
00 000548
00 000591
00 000544
00 000190
00 000810
00 000950
00 000330
00 000414
00 000884
00 000451
00 000233
00 000020
00 000958
00 000093
00 000964
00 000543
00 000800
00 000398
00 000425
00 000816
00 000975
00 000535
00 000016
00 000858
00 000476
00 000560
00 000047
00 000523
00 000359
00 000712
00 000651
00 000570
00 000228
00 000744
00 000283
00 000128
00 000600
00 000840
00 000428
00 000578
00 000794
00 000994
00 000812
00 000036
00 000166
00 000065
00 000933
00 000783
00 000751
00 000247
00 000792
00 000936
00 000299
00 000893
00 000379
00 000281
00 000634
00 000906
00 000553
00 000327
00 000352
00 000446
00 000318
00 000115
00 000275
00 000375
00 000301
00 000442
00 000321
00 000058
00 000170
00 000489
00 000593
00 000550
00 000466
00 000629
00 000487
00 000530
00 000782
00 000102
00 000241
00 000564
00 000006
00 000888
00 000737
00 000059
00 000429
00 000373
00 000978
00 000458
00 000526
00 000447
00 000028
00 000482
00 000785
00 000149
00 000026
00 000575
00 000432
00 000967
00 000949
00 000160
00 000897
00 000767
00 000892
00 000217
00 000873
00 000316
00 000663
00 000604
00 000528
00 000681
00 000439
00 000226
00 000513
00 000370
00 000396
00 000770
00 000094
00 000764
00 000509
00 000406
00 000984
00 000374
00 000774
00 000813
00 000762
00 000467
00 000649
00 000697
00 000018
00 000574
00 000696
00 000464
00 000357
00 000915
00 000537
00 000086
00 000063
00 000153
00 000687
00 000926
00 000952
00 000048
00 000587
00 000336
00 000648
00 000953
00 000938
00 000652
00 000194
00 000050
00 000095
00 000220
00 000765
00 000982
00 000846
00 000382
00 000714
00 000828
00 000252
00 000909
00 000345
00 000572
00 000462
00 000232
00 000976
00 000250
00 000864
00 000116
00 000205
00 000728
00 000833
00 000868
00 000701
00 000051
00 000099
00 000635
00 000863
00 000279
00 000716
00 000532
00 000223
00 000437
00 000611
00 000821
00 000529
00 000633
00 000184
00 000568
00 000057
00 000831
00 000934
00 000707
00 000072
00 000618
00 000708
00 000552
00 000130
00 000506
00 000460
00 000778
00 000844
00 000237
