00 000852
00 000407
00 000452
00 000383
00 000623
00 000860
00 000669
00 000911
00 000323
00 000031
00 000344
00 000061
00 000867
00 000034
00 000769
00 000368
00 000908
00 000185
00 000495
00 000854
00 000089
00 000734
00 000021
00 000341
00 000125
00 000685
00 000313
00 000249
00 000695
00 000981
00 000219
00 000780
00 000453
00 000418
00 000806
00 000092
00 000441
00 000113
00 000268
00 000494
00 000645
00 000925
00 000927
00 000502
00 000508
00 000046
00 000703
00 000971
00 000580
00 000381
00 000041
00 000499
00 000304
00 000673
00 000721
00 000579
00 000264
00 000894
00 000037
00 000928
00 000208
00 000399
00 000397
00 000023
00 000824
00 000426
00 000939
00 000198
00 000735
00 000178
00 000204
00 000617
00 000111
00 000832
00 000968
00 000561
00 000358
00 000080
00 000583
00 000450
00 000013
00 000742
00 000589
00 000743
00 000966
00 000163
00 000118
00 000899
00 000763
00 000515
00 000565
00 000498
00 000421
00 000347
00 000597
00 000507
00 000315
00 000224
00 000761
00 000132
00 000905
00 000814
00 000158
00 000678
00 000881
00 000121
00 000360
00 000302
00 000577
00 000090
00 000853
